-0.495242243620621	0.495392242667849	1
-0.564419116959122	0.522115186873324	1
-0.762868025492876	0.261501041253045	1
-0.335960144036333	0.556990962747583	1
-0.775880604937938	0.614978979412371	1
-0.457332677980609	0.615232574694326	1
-0.647140870987687	0.339629346021145	1
-0.501650989751196	0.492400799908211	1
-0.636442740994131	0.525206590753955	1
-0.845204761836725	0.475208839544499	1
-0.712626176540049	0.0430772934521348	1
-0.740983579357909	0.634056082333856	1
0.0758847748748939	0.586780844628604	1
-0.299503425730081	0.608396354063642	1
-0.684026456094592	0.389496950059387	1
-0.156688118670277	0.671430806373735	1
-0.0969597385676589	0.415457350716417	1
-0.609977757034426	0.282194464406393	1
-0.673797445445661	0.291114385843257	1
-1.06512419829256	0.784106513612750	1
-0.566569696431483	0.358292702781712	1
-0.628896013442256	0.328582277734846	1
-0.124983987246342	0.682406764625896	1
-0.681725208464360	0.225913082387882	1
-0.294552020385427	0.441288006930246	1
-0.880326144998266	0.437939033633645	1
-0.603102036468140	0.320102734522341	1
-0.598811878672647	0.715636161848825	1
-0.446600360595951	0.539535974700928	1
-0.517804129800480	0.672082828702075	1
-0.905082141109943	0.313414685491364	1
-0.600345604146219	0.416517071596456	1
-0.465787957603702	0.696668639213585	1
-0.838659069916629	0.170869014534737	1
-0.740874815243078	0.439441383638958	1
-0.265560854410571	0.492589527433314	1
-0.384542028889963	0.618917191713371	1
-0.257838467070247	0.578681553342858	1
-0.649938951991569	0.244032674987131	1
-0.959291367966970	0.0947619166453330	1
-0.557005113925688	0.584885015428292	1
-0.575899648521661	0.400697739605484	1
-0.425835328800964	0.533018439408133	1
-0.269530202868685	0.741706013761187	1
-0.337973858825159	0.487350619826214	1
-0.224689015661821	0.538902400265463	1
-0.474633158235304	0.764703145446564	1
-0.492941909462149	0.707283713188667	1
-0.369329588823422	0.646075204251921	1
-0.295448839559948	0.315144589528390	1
-0.566075228801996	0.465795081868000	1
-0.311790557813163	0.378641672397778	1
-0.660629510369458	0.592591726382619	1
-0.578482619617216	0.667712158238858	1
-0.427158347618974	0.205040622774503	1
-0.480462737405242	0.438187481807375	1
-1.04846312499599	0.554451845909429	1
-0.164877994097935	0.567315674978026	1
-0.308850679736169	0.515277507570624	1
-0.338418968944792	0.114330229111503	1
0.468968025159177	0.284263452083613	-1
0.573856010259451	0.556643664598443	-1
0.363656269537317	0.452631235055497	-1
0.863319242511928	0.545160401148993	-1
0.439902355049974	0.429557070759910	-1
0.660874184828645	0.614870799977132	-1
0.0654469810507792	0.387859242704449	-1
0.725483091724589	0.209468007779002	-1
0.420318276492555	0.703396131855635	-1
0.641623769452404	0.718399415087813	-1
0.406990458398118	0.687638217754456	-1
0.655537245830711	0.141716503993981	-1
0.383065064028969	0.598796376942169	-1
0.406039138327054	0.257302213498598	-1
0.286049475046628	0.699704368508925	-1
0.165643145516768	0.711479824258367	-1
0.597524987064463	0.726796727914555	-1
0.750363096702478	0.906458325793294	-1
0.537636399398056	0.180964513286606	-1
0.354615355787657	0.586531257373748	-1
0.245044252954539	0.852868289639238	-1
0.282830527766982	0.507120032984181	-1
0.900719182052396	0.506104438987187	-1
0.524245773677389	0.343219749861763	-1
0.259538922958342	0.748024411182714	-1
0.250780592395677	0.559448173751915	-1
0.334750033610639	0.770966016025824	-1
0.452962544464704	0.269163391915162	-1
0.956838485841205	0.314227249374756	-1
0.511402898921808	0.509419754911172	-1
0.222342483047168	0.543323730578215	-1
0.338818734228660	0.287842672704446	-1
0.280547468941876	0.582639452583721	-1
0.804446153718522	0.437802451209546	-1
0.955151408174931	0.784394966141695	-1
0.849670640055637	0.512379591305231	-1
0.424979606624108	0.558863509481568	-1
0.774539930935224	0.299891475746212	-1
0.492145485265738	0.125455221994715	-1
0.472900784207899	-0.0197964769580743	-1
0.258659774361747	0.949274454769715	-1
0.446613740192776	0.633155679582608	-1
0.327168640516086	0.832224094290397	-1
0.450040496578465	0.467175042018468	-1
0.359333929782070	0.150772353443378	-1
0.426891417317536	0.245531074255040	-1
0.147722032793102	0.235722605529806	-1
0.621091583290641	-0.0376445371951468	-1
0.215612462151820	0.653270273151105	-1
0.577552185382780	0.287240882196945	-1
0.362426231675740	0.566426067276967	-1
0.312576376580324	0.532434259685387	-1
0.0867431157736229	0.350708162219940	-1
0.433561323412797	0.783756911730938	-1
0.706452714657987	0.569647294272165	-1
0.877162724740264	0.157637638886615	-1
0.622377194042622	0.480482846065897	-1
0.217278012581972	0.566314304960135	-1
0.453133929266440	0.387757988454747	-1
0.748158296485022	0.574872060309675	-1
0.614409997235723	0.784705814534688	-1
0.362373762426765	0.599193506375321	-1
0.552825188320076	0.746753702992360	-1
0.703248307925716	0.929610457866563	-1
0.415446745503213	0.871867504219077	-1
0.333976163148280	0.578558429903751	-1
0.321097818583942	0.864607783261465	-1
0.616860379339289	0.156488155852478	-1
0.611907444087983	0.508785322696469	-1
0.392362231084495	0.641021563260237	-1
0.162543969830065	0.576116645721001	-1
0.525416032884815	0.439223268281400	-1
0.440862348277691	0.0289198366178303	-1
0.518968107771132	0.508164310594380	-1
0.818727938998695	0.220531878093796	-1
0.568467219025754	0.361724959836863	-1
0.314503464492525	0.685859754849379	-1
0.980078616672464	0.309929031557760	-1
0.350065984987090	0.688517345230895	-1
0.390335813893052	0.328215776770268	-1
0.623935661488046	0.935232157677674	-1
0.194397477975329	0.734306673799976	-1
0.531377245854240	0.250834963219146	-1
0.491156992882810	0.665661819214438	-1
0.961238104076296	1.00750438169222	-1
0.779878455274609	-0.0923004651454076	-1
0.588486088108048	0.391052587852054	-1
0.256923704173342	0.213683836742932	-1
0.616414833166501	0.575549279026893	-1
0.420261886142596	0.696585533144528	-1
0.382326001180516	0.543671459766911	-1
0.0842020793199039	0.501656562787632	-1
-0.0121893075595423	0.574213801531449	-1
0.577607791886786	0.262098248217057	-1
0.600692647299318	0.273726390574572	-1
0.415472464468991	0.673620279252038	-1
0.641964363145902	0.379233407495144	-1
0.570822842655792	0.837239078859398	-1
0.189956951734367	0.726896619809825	-1
0.225302680052583	0.285500843978017	-1
0.763248540875002	0.582844761838474	-1
0.602445040888827	0.662351762993082	-1
0.428867021895724	0.543466054715766	-1
0.266133635175854	0.368395648047165	-1
0.557848981116628	0.732556698724996	-1
0.554911287992655	1.19510987182572	-1
0.0858545776476835	0.515809121993881	-1
0.710863181055691	0.616647168388169	-1
0.513663838599272	0.861581116245828	-1
0.574777913157600	0.397866143227498	-1
0.204632254534694	0.309911692165555	-1
0.868332693094547	0.535042286427147	-1
0.686922904626135	0.0145231304231789	-1
0.315299997277050	0.309964009517172	-1
0.454364428221709	0.297713203056248	-1
0.362227013366573	0.727595618887833	-1
0.593080629765148	0.385303973083859	-1
0.680491891777654	0.298105211944680	-1
0.582411224693628	0.385297206844986	-1
0.605800712345198	0.375672813593224	-1
0.619814390532097	0.774686908434758	-1
0.258384802757820	0.419556113877089	-1
0.659398025619480	0.281160454813097	-1
0.305069889145317	0.661777163503675	-1
0.637599400529954	0.589358339885592	-1
0.255295672509654	0.671546732470914	-1
0.745947489823134	0.365955591496613	-1
0.593954412825454	0.194513985284661	-1
0.677203324379632	0.561098577639470	-1
0.349055551500049	0.487717328886984	-1
0.675470511390491	0.488232568815413	-1
0.331723018612662	0.394320880629017	-1
0.416571178899516	0.579278294636931	-1
0.439472191533194	0.521025452882350	-1
0.614317371428133	0.459187519653449	-1
0.786158479467592	0.419837404459514	-1
0.447644754841401	-0.0432773560619941	-1
0.453807678090792	0.774751730086338	-1
0.568948794816050	0.670240876176254	-1
0.349566857834012	0.486800313183248	-1
0.825346881901310	1.01709889766216	-1
0.735801651166952	0.772663933043990	-1
0.710719201032072	0.380553172669437	-1
0.396295350417577	0.144319039800504	-1
0.145756944316322	0.258798937520097	-1
0.306662098907088	0.241969791018185	-1
0.595171658292458	0.617350408679943	-1
0.357388289816543	0.518601579422107	-1
0.569515809021113	0.828331414974144	-1
0.349130908084105	0.233639149507433	-1
0.545115516008420	0.567055930602069	-1
0.458281680766862	0.545480193163068	-1
0.588051192532098	0.408676415940518	-1
0.127330706659121	0.219663560165173	-1
0.794556870137961	0.731421165403199	-1
0.455628111232545	0.953951082676600	-1
0.585958305175343	0.697752843300998	-1
0.915724201839282	0.650073133015148	-1
0.502445940804203	0.229789841959108	-1
0.756325135166045	0.636254759188437	-1
0.426681985859381	0.835531426810773	-1
0.729445767711079	0.695872858694057	-1
0.604035499820179	0.533397405297121	-1
0.501940810900489	0.435494348285325	-1
0.436428955538548	0.630705415253055	-1
0.623841074465116	0.272867758527606	-1
0.290490150710006	0.188703428856771	-1
0.295417077789651	0.121406455004615	-1
0.719244179117698	0.433975727963499	-1
0.647155762252466	0.311165224946365	-1
0.626906833398764	0.768939941556730	-1
0.412956638284144	0.462231693988188	-1
0.502389495545591	0.686065050522866	-1
0.172904607988953	0.00144067804595999	-1
0.208209187727995	0.359916573249822	-1
0.592684246899746	0.286354296441169	-1
0.260046740469810	0.679244185663119	-1
0.530570340036373	0.610343767177730	-1
0.151581253536761	1.14600718102354	-1
0.400171590338515	0.943779270078013	-1
0.290100256559858	0.829428103454881	-1
0.624398737814849	0.407995999790211	-1
0.502101688749835	-0.106747118230040	-1
0.560898343090568	0.631855531652152	-1
0.243738789696378	0.485175296409940	-1
0.234284941840684	0.436238620290310	-1
0.218747835552987	0.878674170333874	-1
0.739445082790120	-0.182643794941161	-1
0.634829572609298	0.387557743274101	-1
0.542002570055980	0.0364375317141745	-1
0.323599380798530	0.215329131030372	-1
0.259461964568071	0.590952791589883	-1
0.721662121679345	0.723976196649523	-1
0.611078796808944	0.433337712908404	-1
0.254498145806752	0.313356545508678	-1
0.868633563108552	0.868800755244103	-1
0.105543394392813	0.604310845170013	-1
0.572781622646480	0.708072947983286	-1
0.650907102945521	0.748200639761769	-1
0.534302495743199	0.799844085445406	-1
