1.67369869654178	2.30250820960714	1
0.330887004627264	2.40991150001902	1
0.599677299365337	-0.662542970358081	1
0.328197572780942	2.94368447839214	1
1.57562901658315	-0.0846984522376155	1
0.221906484579187	1.22681897502142	1
-0.0635612028846657	2.09892920248474	1
1.55297830128700	1.14718875247226	1
0.576571162163513	3.29566581301284	1
1.36158716484806	3.75255787759549	1
0.648110758053894	1.13831772481555	1
1.26954070797306	-0.907066208373120	1
-1.56444935612109	0.635007006626522	1
1.46586412807883	0.151889988425179	1
2.85356094249385	0.235246635478862	1
2.03928933984721	-0.127694814536933	1
1.91089657945850	1.07818889508335	1
0.760268713398671	3.10662965570578	1
1.18099807979244	0.284152606866177	1
1.24424954681335	0.719484338258519	1
1.09639288453972	2.16647500451602	1
0.169531502380739	2.21282141876426	1
0.647747814337737	1.48554098705796	1
0.825224960455901	2.02601648619598	1
0.519346580518987	1.87072602108368	1
1.83683671141768	0.618242121491095	1
3.53834934138902	1.42889302710300	1
-0.323334251480401	0.700869479977092	1
1.12834026334331	0.100131480000468	1
-0.442379153361138	1.63474546125707	1
-3.93778579169780	1.34797947348248	-1
5.61910253803262	0.229222001325245	-1
5.26029936798382	2.65887657737509	-1
2.95438917532253	5.08374571514942	-1
-2.91904237304320	3.05763401077895	-1
5.20025522204821	2.11494408226695	-1
-0.639049256717933	4.80282521828972	-1
-1.82777526959621	-1.76552886566545	-1
2.78439401605572	4.48987517020756	-1
3.51353504409110	-1.99661103579066	-1
3.03096357540205	4.14388322181230	-1
4.58749215483713	1.84801537391009	-1
4.24367793158011	2.55624144473591	-1
1.25827091372243	4.58049969589416	-1
-1.90537614473624	-1.10247647615246	-1
4.43154015083759	1.85869188413132	-1
1.48119611384305	-2.47286667633344	-1
-2.12285111499065	2.30664079446757	-1
-2.35243864470272	1.42071775634949	-1
-1.86728458710654	-0.729926922231115	-1
-1.34837375279480	3.37106190229964	-1
3.98825938338413	2.46862568918889	-1
4.27305996789861	0.540242790341879	-1
3.52798194411717	-1.11543917023603	-1
-1.96990765976855	2.39971426233788	-1
-0.479523753172759	3.90497390045340	-1
2.70285021630601	3.73951009520364	-1
-2.20176992035102	1.27001663847066	-1
3.18902127148328	-1.34640508028715	-1
-2.18350546507168	1.14904706764465	-1
0.0901386069781306	-2.03921852786787	-1
0.739292229394038	-2.13547947311695	-1
-1.99160255126895	0.215899041485928	-1
4.08926422474237	0.874998102242867	-1
3.90376306788634	1.96729943537714	-1
3.99981342954131	0.417752782397174	-1
-2.01615081303437	1.46002463700470	-1
-0.496100446633921	3.63949610761563	-1
3.58200214819306	-0.581211558385666	-1
3.76795279949416	-0.221504786325056	-1
-1.97434086028934	0.551134211833888	-1
3.89561152081625	0.240306816345535	-1
-1.53915624084160	2.57070927233212	-1
2.64591621726993	3.45398217723950	-1
1.98228213158685	-1.78355145810337	-1
-1.72518813773201	-0.132097270886445	-1
3.38881243149394	-0.714919338066420	-1
-1.93170209577212	1.14191836656231	-1
-1.49358303058555	-0.514446768776824	-1
0.905323347996301	3.91167181756620	-1
2.02287816811534	3.72482182157037	-1
-0.0655594889909934	-1.69476272259750	-1
1.17583439297039	3.86075489429818	-1
1.51172178754247	-1.80127271842597	-1
0.983359944690464	-1.77947021035740	-1
3.71130145281067	0.423188886558317	-1
3.58674119005372	0.0869375685066508	-1
-1.73371243941480	0.776107957694382	-1
-0.864868153642150	-1.00781814171811	-1
1.81688954119342	3.60226678722385	-1
0.706554591998897	3.70989324762804	-1
-0.304573057274511	3.37023663914373	-1
0.0978383869050169	3.52494468539342	-1
1.92931676967964	3.50278562862298	-1
3.29735791841292	2.31747271629878	-1
2.99575141772896	-0.721730050392142	-1
3.51649564706234	1.78106442355757	-1
2.66825464253157	3.03508339957218	-1
-1.62291979340765	0.956768594011445	-1
2.49636843907037	-1.15109273791768	-1
-1.51114601607153	1.74046146979073	-1
-0.255843296905564	3.29709793650732	-1
0.257539019726072	-1.49664184141389	-1
-0.160225797610139	-1.32802022942978	-1
0.661335068335691	3.57407007831632	-1
-1.40916162201937	1.94387018542215	-1
1.50756286853478	3.53606777348614	-1
-0.792537699495581	-0.842306621682441	-1
2.32853528382421	3.18430354143388	-1
3.51510346101929	0.608328140851564	-1
3.18086729405800	2.30791655504378	-1
-1.51009724427095	1.30446777725158	-1
3.07560041078900	2.40309158559149	-1
-1.44521967955280	0.480129318700507	-1
-1.33484444913466	1.85340983922589	-1
-1.01326747530365	-0.448990750853307	-1
1.60101448165457	3.40605074888677	-1
2.21393103013498	3.14484523412376	-1
-0.588424587815625	-0.879558576442372	-1
1.59015469651249	-1.38124913380791	-1
-0.892927435196329	-0.522751798329313	-1
-1.19391401223426	-0.0325889168746953	-1
2.70613597299767	-0.695006290969910	-1
0.769832931367400	-1.38455852423871	-1
-1.07811424671387	2.17832619857189	-1
2.84559707615905	-0.514732271089736	-1
-1.33080075746302	1.25035412955172	-1
1.36549047034155	-1.31257386075996	-1
-1.07472295231952	-0.0643328065737472	-1
3.28328503995339	0.561736464112852	-1
2.65087211103454	2.62101934001843	-1
0.0735695218259326	-1.09739143096882	-1
1.19355340419766	-1.28372821475147	-1
0.797865574397084	-1.27240848201708	-1
-0.470913848216316	2.74158149942720	-1
2.32030224930382	-0.829230159581418	-1
2.97785895698592	2.06488996190739	-1
2.65859764954797	2.50895421792460	-1
-1.22878264292499	1.20618248365754	-1
-0.258853352353261	-0.824009637136477	-1
2.91073902806383	-0.114282247365155	-1
2.72020307551794	-0.372486924214178	-1
-0.810761304852455	2.24374180383233	-1
-1.16268657345636	1.35537713149921	-1
3.03228781103418	0.188602475783276	-1
2.97890055104021	1.92208954493692	-1
2.77609869841885	2.26153506138162	-1
1.01506584483694	-1.15911819394721	-1
-1.12564047595162	1.34640002634609	-1
2.75931861082692	2.23935539605833	-1
-0.584611790603949	2.45453059937866	-1
0.837536094253247	3.13908300914067	-1
3.12999008550108	0.773495765363535	-1
2.26104617822867	2.73102445003191	-1
3.12250893761146	0.732626925571357	-1
2.10083877605486	-0.821374742043907	-1
2.46631319018858	-0.534365058950066	-1
1.46620124529112	-1.06705645242232	-1
2.66566986159814	-0.285507175192612	-1
2.44685494358915	-0.515684243260475	-1
2.64940070731232	-0.286314057348587	-1
3.04667344982947	0.584294105763916	-1
-0.828595341821646	1.95630612213507	-1
3.06250223827308	1.01639934598666	-1
2.30367187008992	2.59063624772442	-1
2.27535940210089	2.61138632582238	-1
-1.04144326226321	0.815020099740206	-1
-0.984964990870584	1.46101762050378	-1
-1.01015561408854	0.965097143797744	-1
2.97785183221785	1.35678772004441	-1
1.39522316750702	2.96851974446696	-1
2.49960989276453	2.32573852322816	-1
-0.152118549133774	-0.610170499734309	-1
-0.906213763959201	0.470182396032278	-1
2.42511254024493	-0.362690542815766	-1
0.551353868563407	-0.918469223729471	-1
0.533604883734106	-0.909737497114702	-1
2.36117435860464	2.41037301758508	-1
2.78959034974262	1.79221333506496	-1
2.29835398719012	2.46439671827413	-1
2.75513821268251	1.84858762094113	-1
1.34673759955125	2.91364861359280	-1
-0.438868987346379	-0.307053988643894	-1
-0.609823047685780	2.06290486338907	-1
1.92238555934843	2.68990161842261	-1
-0.226396346694480	2.47112080080062	-1
-0.645290108041556	0.0390586393203463	-1
-0.571985705875005	-0.0399707358286636	-1
1.95391981315113	2.62394712743676	-1
2.33724668536416	2.32618764543565	-1
2.76576819576573	0.347955485467769	-1
2.56037357192190	2.02613605500301	-1
-0.403073259980926	-0.227569563554149	-1
-0.597753513713260	1.93803524239339	-1
0.912782334441175	-0.841158143200322	-1
2.09718756643498	-0.471005201929731	-1
0.107295400249926	-0.602936524206023	-1
-0.246408731253243	-0.345240770441786	-1
2.23403171327451	2.35181785455901	-1
2.74697389741807	1.53061232943826	-1
-0.824513649647644	0.946008422887203	-1
2.73681373502432	0.495969533737421	-1
1.48381508970606	-0.735723460398008	-1
-0.0775543943135679	-0.441533705291670	-1
1.31102747570840	2.77121587692791	-1
0.273836752112998	-0.631608658275276	-1
2.78301791297763	0.963154152542529	-1
-0.217150627174157	2.29985376119855	-1
2.59884479756537	1.75493235561368	-1
2.58685774248746	0.240547963228906	-1
2.62911702476499	1.63074579468940	-1
1.25410603946817	2.72484087822549	-1
-0.0648631058001497	-0.367234667489398	-1
-0.524614373674805	0.182581788221550	-1
-0.723330093791589	1.00072188152273	-1
1.95492980175948	-0.427736645051686	-1
1.09969892537537	2.71377367090400	-1
2.26260036282195	-0.121310307022762	-1
0.442944712088436	2.58362511144762	-1
1.01231677542375	2.66910007444528	-1
1.35202207778280	2.61715803143483	-1
0.265663464659896	2.48043197109369	-1
-0.277439052654937	-0.0391901147756752	-1
-0.0910359309206539	2.23037010564829	-1
2.11152734635228	2.21156577937046	-1
2.23121210385466	-0.0800315340335900	-1
1.52961560561318	-0.536355815187458	-1
-0.536365216141218	0.513030069530849	-1
-0.461071227360038	0.333553239127070	-1
0.225841446083531	2.40229790466936	-1
1.62177753276893	-0.468398678690627	-1
-0.209268814141130	2.03424050350293	-1
-0.263349068538392	0.0484787903032115	-1
-0.386696209148887	0.241669834560633	-1
0.238935354562734	2.37778865615024	-1
2.18491672847731	2.03037560631105	-1
0.982835188632574	2.55934092777958	-1
2.32092463876474	0.175775234628543	-1
0.193431586215320	-0.320653597651607	-1
0.000327039734391299	-0.177209240579789	-1
1.43330605617156	-0.481827435040348	-1
-0.496010935542754	0.647332059846313	-1
0.103037037523613	-0.236185536400483	-1
-0.145190570528951	1.99553507011424	-1
1.27575689721176	2.48175192325586	-1
0.282915164408316	2.31637551411742	-1
-0.0326054732877363	-0.0691023253573266	-1
0.486660800716989	-0.384892985167543	-1
2.44743496823905	0.709866324643423	-1
-0.460831906627349	0.912986112682542	-1
1.04483164160982	2.46061744060655	-1
2.43965444170234	1.23086566572580	-1
2.26513106222239	0.277195889555411	-1
2.19521517163216	1.81692297718913	-1
-0.358107597603827	1.47736158370277	-1
1.07768654207255	-0.433284418095951	-1
1.87499888439448	2.12987425419601	-1
-0.158675985536975	0.168850457947676	-1
2.20513276229628	1.76064576347193	-1
-0.187355869267108	0.225384435413991	-1